id,0,1,2,3,4,5,6,7,8,9,10,11,12,13,14,15,16,17,18,19,20,21,22,23,24,25,26,27
0,1.5356932208648873e-07,0.01672001242879204,4.192965423903561e-06,0.010312230090681579,0.04834291020171811,0.05588263748372053,0.03557844084249087,0.02037533938039601,0.058518887524148834,0.05367040449162045,0.023133334133806152,0.040779568708469195,0.098553313919489,0.018429899584962176,0.0018765279184478135,0.015840019783919346,0.012549559555778186,0.01590323180198604,0.0050312556184534665,0.036362755158476034,0.001487515977694798,0.042705307104048414,3.623080304926732e-07,0.003628814407761821,0.11841727608000839,0.07858387314374593,0.008511481617546552,0.1788006941990619
1,0.040312348689686944,0.02833279827431556,0.022888225303760983,0.03390689263909669,0.018362134092038206,0.11912857236375364,0.025363986840915693,0.017097967247180646,0.0371786309064191,0.01943085185701664,4.5115012185312955e-07,0.012521071122695985,0.06955908017626226,0.0019234238232631404,0.016517999493615775,0.03882972923068494,0.04271045553272015,0.019743100255015116,0.013243530817328542,0.05617714546306658,0.04305652791328523,0.0670121037135206,0.018229287419562864,0.0599593169389836,0.03611269062048853,0.08285814708387644,0.030647476203204096,0.02889605482812027
2,0.01023852009396289,0.039344353461968795,0.0009081890352864238,0.009581977526100445,0.06213475870287614,0.07017223267617408,0.027951771254039387,0.008606240164219884,0.014488002784360719,0.012824972919251795,0.037778349322203204,0.019215422120505934,0.03012971856581781,0.006972925491980078,0.04291141643695888,0.0501235146786739,4.970562939167527e-05,0.04917388398483239,0.014621632611016924,0.16865230568174536,0.026119654352605142,0.0172912014322527,0.02042460623899844,0.03639575314082307,0.12758890694309374,0.060110087268678024,0.029139371197600114,0.007050526284582044
3,1.2249544817692028e-08,0.057363181727043466,1.417853464971113e-06,3.0643192639717504e-07,0.04897009872278218,0.027034509855028428,0.03247008296225309,0.10293635713774875,0.06723108095368176,9.760401840040074e-08,0.0343045825629166,0.004103160570723364,0.1279563271081493,6.219640353472233e-08,0.032663591242738876,0.0444026395840397,1.3584364453864992e-08,0.013514573706652884,1.2034036396443815e-06,0.07168438129935821,0.028776523627375167,0.0407176419428989,0.011818332352481935,0.07224566726622357,0.00262617270719354,0.08314175129026055,0.08407181591671216,0.01196441414037523
4,0.016012918980022686,0.049331065494267266,0.007326565329683781,0.033644071650727525,0.01379195667301503,0.0134109293722034,0.015105366707806264,0.03692119840764415,3.7499657361152165e-07,0.013689626168992953,3.996725239838282e-08,8.561694589151231e-05,0.04817736493791042,0.07436764180662017,0.08023353787552905,0.0932543522057091,0.019490751042232593,0.045313061834152,1.606061054337456e-07,0.03951317527036473,0.002600818685798021,0.023236944086836003,0.017491176614192732,0.008461692144042122,0.05809834430307202,0.10787462775679468,0.07750307044909396,0.10506354968746638
5,0.02765830693788507,0.07581811718349533,3.521983818502579e-07,0.0029883975867961454,0.0026614947914025675,3.61977001879884e-06,0.011856182231506607,0.07687863052625823,0.020013475447382953,0.021171631904859853,0.021771916343539227,0.015249117665536814,0.17163533073510248,1.2877722135568736e-06,0.07971817004544009,0.0879069691649916,0.006473753537682247,0.05132342486127384,3.492047049849697e-07,0.023591490377262665,0.04026285308339061,0.04634661893856319,0.03003527942421956,0.04380504804539322,0.00014483773554962816,0.0036803266019983707,0.12068344621803508,0.01831957166711537
6,1.477135054736426e-05,0.025769657118314013,0.045438321167658384,0.038292964533691784,0.07131059917729803,0.057854608099798296,0.07894646486026106,0.00016513133433687102,0.02734575144904396,4.6970165691324396e-05,0.016834439132134442,9.054158034622247e-09,0.04314934867281839,0.013094004960993822,0.01667503789378358,0.029935602106240997,0.053505552303359905,0.009324787570489353,0.0695522771272849,0.01945721741102027,0.042651316743706626,0.025291793078036872,0.006355293756179491,0.055439424634317606,0.023231618470087458,0.1671530203554014,0.02097614396746553,0.04218787350588035
7,0.032923177698160666,0.06973636738730522,0.017137515989938602,0.027867387712372623,0.06061949931930768,0.019202199522508862,0.037128914820822576,0.06472708422954514,0.035662300245145585,2.9083137865258063e-06,0.042922245062005544,0.08709628577528232,0.07055832233181902,0.0004886320961288932,1.437020078640612e-06,0.07179013450630777,0.003777799377388117,0.021973987624125276,0.08185544721525972,0.04480054928914288,0.05337641564387588,0.01005425101998003,0.016121813771666264,0.012593036185141016,9.424716819096016e-07,0.05828080381721845,0.0035632756245999953,0.055737265929404714
8,0.013506009370789936,0.06202229327697937,0.0002556746258606945,0.019901173442010426,0.010310141390306978,9.054573586603832e-08,0.0884800756173109,0.02050689593293785,0.056911110036206594,0.017871891025074905,0.050735772820294574,0.006828340488292884,0.1640735524843143,1.0430983485818014e-07,0.03076786538717923,0.05920399469581912,3.181432761539539e-07,0.010876431712631052,0.02082269998083242,0.017714928586076248,0.06081621359088798,0.015494850312320974,0.03523884656489776,0.02026100116695789,0.021474802757045025,0.07719830042493284,0.0566956912145118,0.06203093009668134
9,0.0229044742020584,0.02895990602667476,1.3046116861508418e-05,0.004942908857800032,0.007124761558573455,0.09846080493214893,0.008181660620005563,0.04835675393694966,0.0825664538380992,8.44291632951833e-07,0.0388234831127134,0.11727501327778396,0.06453047420066084,6.713521673612575e-06,0.016068156621645246,0.04784288140450972,0.04278255490636533,0.017219064328977286,0.03182319514030877,0.018129040685388443,0.0038209793317871155,0.03635036651095468,0.02489064524123056,0.04454341642972643,0.07737806776790311,0.09094956794015001,0.019870115846687592,0.006184649350729286
10,2.7673602988251335e-06,0.01652430403097799,0.032908455473166794,0.015131319535557259,0.06680578022169187,0.07333164385324512,0.03508936024974107,0.051162115357162724,0.15118864869974422,0.01000680914337208,0.029007852055253792,0.009079607574446454,0.09170901950353927,0.0005642265137478021,0.014013131114650555,0.015167424743365644,0.03230802506961467,0.04669028093159798,0.08053503133673766,0.02093023773435629,0.03155933706860107,0.014004011054937525,0.015740326555756346,0.025789134974090955,0.05090083650126521,0.05025491551933508,0.013716372535966343,0.005879025287779383
11,0.01874501700178365,0.02371696409495963,0.016885439580728922,0.03136628425954941,0.01591864222263957,0.08672280934643484,0.023886546592345615,0.014139428241772547,0.018280339723673697,0.06561561237194062,0.020349631330023012,0.00024703144698014706,0.0029305722205518023,0.04459484643829558,0.014744341593111025,0.037793239889095526,0.037426969596309166,0.13703152722547687,0.02906798424621587,0.06467696900047522,0.1417028249601483,0.020036586025334816,0.008753828504123009,0.04432874431291853,4.268635935691578e-06,0.0442115569302082,0.006296417760408328,0.030525576448560344
12,0.0011868127653492564,0.0375753500691816,0.0004966209835064662,0.03065287695774276,0.03931833200105051,0.06287500528446759,0.07795096420093264,0.019297582218886784,7.620090870824285e-08,0.003715980294525043,0.008291443430621345,0.04789921301572161,0.07804844169731999,0.0027667093671702087,8.404384069240443e-08,0.07141158940913636,0.009074516543608857,0.02954320525104237,0.009293705213344808,0.03942031787422778,0.04577500120144526,0.028649272690582376,0.01467575944551423,0.05170316318674334,0.046324354347545026,0.14154131908247938,0.04524705366560857,0.057265249557496525
13,7.569120991430582e-07,0.08026831138523918,0.0024470913009418268,0.0072810786457021635,0.03759249769595869,0.05898860073922439,0.05746693505276566,0.056620031279229724,7.612366099835064e-07,5.192666644507997e-07,0.021017160328170074,0.028534187003938127,0.11949066081696565,2.4138192868002153e-05,0.04682095401940077,0.0685674450286531,0.038198500324766016,0.03179892155760254,0.04666363617564582,0.03517940872710215,0.053211659292601424,0.019335512353750504,0.02417291412292397,0.03044421147111431,0.015681931286031656,0.04675407586540728,0.03784961158526101,0.0355884883333625
14,0.021450638984010662,0.05347116754844565,4.4851169338355863e-07,0.02677079816525788,0.0348827784030509,0.09761215662808362,0.0009602785572491878,0.03419762644036206,0.024146742931370632,9.601374493988406e-05,0.019349931688008245,0.013624169119582533,0.0382709076380025,7.5475779263273004e-06,2.281451103444258e-06,0.041278584953143696,0.06524311803278189,0.04945822796610057,0.007617664860248008,0.04874199963470084,0.01698612358141716,0.10592623409552532,0.017281325972339424,0.06847171194698448,0.01879624782537213,0.03899036124317725,0.10937032832849783,0.046994584170624513
15,0.008663303108311248,0.05698875382515413,0.008468715144416796,0.017905415316043966,0.18349103367233607,0.05719078082272429,0.03578196053625969,0.001981684739910715,0.11443217073435244,3.032945080459324e-07,0.04057085721532243,0.04485427034677484,0.053672563438278455,2.294884224351047e-06,0.02956266121053239,0.09909636922188386,0.009159806224479369,0.005234860807870207,0.02235704143085341,0.014903751008376166,0.00012092201533826862,0.020728256259055642,0.009001774161449304,0.04326973019663991,0.004015624792390071,0.07666658952705499,0.011617782061093556,0.030260724004365396
16,0.021629621917783635,6.202030987682157e-05,0.008703238994101537,0.028175756136341594,0.02063706945281982,0.12407029539047668,0.04359669868940484,1.3940202055998453e-06,0.012345692731502973,0.032022293048486125,0.004584484981597322,0.049866402077200826,0.1043688057014215,2.2732841446236915e-05,0.007096486785902962,0.02330654808384731,0.006951557362237577,0.010388768508690444,0.07116082379090473,0.06268744842815085,0.030937726486119654,0.01584955411199471,0.004594434542458678,0.046580339845325336,0.16826056773794767,0.05882204809046724,0.013697495553067544,0.029579694380219894
17,0.0022733271107466453,0.039162876450471375,0.027629732572341803,0.025568642933440473,0.013199664129095715,0.1547796913671065,0.1444865131422509,0.0024952243185808257,1.0176133370587108e-06,0.02047297628324913,0.06005762138966022,0.0003532701206604466,0.026909999081313783,0.037313175114199654,0.04403470590866075,0.054804516708200024,0.007683512113883383,0.11268614379786412,0.07046445933676408,0.0003036081858596391,0.009834052424399956,0.00445347144909327,0.020008370774877014,2.0114476148816445e-05,0.01938775624059289,0.07506153231354397,0.02046910257324621,0.006084922070411262
18,4.992040213025055e-08,0.038117779219847686,4.735208674935785e-06,0.022632326561720213,0.029101978496299363,0.07058690268835327,0.04609104312362287,0.061374127500894965,0.06973886231299337,0.00529767926781759,4.434916764637025e-09,0.03747604299104358,0.18360887060268652,1.5738899313030636e-06,0.03443306879864814,0.018994774720716923,0.041133708676502956,0.03796378745503304,2.0487891366448616e-06,0.07799582625768287,0.03857801571369856,0.014850098135222404,0.026297811857575952,1.0840801801668304e-05,0.05309157488786652,0.023357186828893792,0.053345920223122,0.015913360634894087
19,0.0020003066629965855,0.021031676491907958,0.027695125854331572,0.03510409317680927,0.023521732090606935,6.994550085998995e-07,0.08045766909689354,4.325125572009911e-07,7.733875222624403e-06,0.0019345364865340723,0.0629432443446246,0.011780156350101644,0.03603681638948682,0.005490235878496161,0.005990837237479744,0.03644663895651207,0.018232187168705706,0.036968157028412836,0.12752137460852384,0.06482022078490648,0.0666901471249132,0.09730947869320805,0.019733571263978046,0.041413871794827244,0.02447872398350572,0.09413084082869384,0.014929940314733627,0.04332955154602206
20,0.02665028310160244,0.04615993767911196,6.357498349764803e-08,0.020992125071081707,0.007819734889457183,0.038735448115572224,0.03224806054350541,0.016532835306677582,0.013623429770643661,0.015271360774645082,0.024523289528556546,0.018508344078678747,0.06568781495617798,0.05269487415422051,0.026309224541069494,0.054476845047880494,0.004106637861432015,0.016439621970826327,0.01571249600580125,0.10827311434064173,0.06338112721212723,0.018489110008927046,0.031171386621075776,0.06868206065709473,2.5970995923066334e-06,0.07179793179005811,0.09404580473181125,0.047664440566747686
21,0.00589134774863868,0.0456221814967452,0.016006621009683166,0.1083692668924694,0.02780357999164309,0.05872763985952893,0.04868725262996968,0.000330633276003765,7.466757221310179e-08,0.0001724469266412404,0.12192509945545947,0.019431814659507052,0.07692472658904272,0.0565450272252573,0.030379987886642444,0.024832394518692926,0.03394124291326238,0.02365603764194868,0.037921200335769345,0.020803868205445854,0.0735405487717684,0.08379153675333559,0.02227420151372662,7.491288961224468e-07,0.027396773940659137,0.014444425987509068,0.01639158130731628,0.004187738666865407
22,0.025518954106428494,0.03229884545999106,1.4170560816644935e-06,3.8649262357990685e-06,0.05901757375418225,0.03812657600280885,0.07580758186580094,0.02384589120739313,0.035467792298099377,1.684171736708546e-06,0.050945902999147245,0.010604119271411567,0.0737220924443385,0.014018561930506436,0.0773328975903912,0.05156383847017972,0.018907024573337,0.007730420680969724,2.822694988413577e-06,0.06691493592345368,0.018225689054901496,0.015109216261348302,0.024298986227115064,0.013861090580059802,0.1374598476810696,0.018838225606479894,0.10203042844748074,0.008343718714063319
23,1.4835621379038075e-07,0.010895890993932681,0.0339162277742508,0.0015145445196710053,2.984056487150359e-06,0.01785327557395854,0.08127487303203673,0.024730536552655353,0.11688071524944829,2.924681094255236e-07,0.02140793525732115,0.010161201144683153,0.1422598057953182,6.098514784111526e-07,0.0007927003543106866,1.1290868820938363e-07,0.018611891775591447,0.06740394133778442,0.04816261422001216,0.032700532487008625,0.017343228475736976,0.12485806138647552,0.019014218165600307,0.018112625093094296,0.05188522181197014,0.06168433738811754,0.06083211322401123,0.017699360746033854
24,0.0128719709560961,0.013664327314071214,0.04900521054255276,0.015872487679806205,0.016925129437604717,0.018563579192917616,0.07975936330937579,0.014069217791428428,0.07736354931886617,0.0003213816072746081,0.08929917864033289,0.00866054804581095,0.03267861255307073,0.00021211361680322568,1.0343274543514307e-07,0.01118626746305377,0.03456129788346086,0.021857271249635768,0.002335004125410517,0.013689263830538645,0.08162868930592579,0.05858037188463583,0.023361390481897632,0.027126663825108997,0.06783086081566905,0.06196024302121741,0.05613349564622692,0.110482407028462
25,0.02939362175723294,0.04137586410010429,3.134608592551996e-06,0.010918280421952965,0.06103422509742731,0.0055086965191506205,0.02568568319572201,0.005479333025910414,9.315853500415282e-08,0.023580830541895637,0.02940492884382413,0.05400366166884042,0.0709394685085516,0.01569903887750289,0.0165551856893094,0.0804745458990932,0.04077879196675521,0.07403747291477941,0.0141900265209912,0.10835680162598545,0.03029808435333582,0.08544103223455307,0.013728250435990904,0.004432890541871291,0.038446497956974045,0.08133631522171275,0.031033343071788753,0.007863901241616697
26,0.026838800100302446,0.021593282937916278,1.131404474522681e-05,0.020583527728772446,0.09455909697894138,0.0007537516965202253,0.10601519998102965,0.017281547502142783,6.82745042184018e-05,0.13692588742648537,0.005307282608686418,0.002337507209064093,0.04283992339845894,0.015562739100255208,0.05089571076777217,0.01891559340963391,0.0643759521900816,0.02123730593783865,0.046005257315997604,0.02125403005830855,0.025951712257651166,0.03583613322833203,0.02314139311885912,0.022885330536715424,0.03991982135360915,0.07131240354708605,0.023685850722787546,0.04390537033778817
27,0.020721307135941145,0.03808635995352794,4.391888638650852e-07,0.02805461147452039,0.02326301654495467,0.005430240924980861,0.09703448120449376,0.05725978494304351,0.0502813506892734,0.003697122116178308,0.04107124610196433,0.004932026156036267,0.013899365250144468,0.04416648437864728,0.03252877183850825,0.021219949313362903,0.01772020023855635,0.1425087307708703,0.11585638606469927,0.01490369812219338,0.05963699455068135,0.027036785388393072,0.015132095698351222,0.013188405018897108,0.02598259237503462,0.00263051222537152,0.08350032346355259,0.0002567188689578918
28,0.011596773277515267,0.025778190811575646,0.0073320894008344715,0.05266690032572295,0.13115109842122125,0.06317336689833937,0.023343192006434744,1.3160852949052172e-05,0.08836881048334037,1.571688637076772e-05,0.057384605415545666,0.021534891202258447,0.040944315977051934,0.015885193117964876,0.012962404455077106,0.06267390790254715,0.07889281938245724,0.011805764148297128,0.014274242712025422,0.07140080211490406,0.020657165010548637,0.02791145840039056,0.015112179437404318,0.007350800287834028,0.02079093400631454,0.08154721725577779,0.014487754728869645,0.020944245080427696
29,0.00014541435361677197,0.029768476123313674,8.875921862069644e-05,0.04464089201908854,0.021991505819091695,0.02903437043205179,0.04812939759370359,0.011366496603982533,0.101882445773867,0.01610079591173458,0.028789702012412738,0.007466873487024503,0.05282903583390306,4.2025424718602016e-07,0.04133109974469856,0.007418276463116342,0.006159923346993599,0.0322959411386175,0.04116162334969458,0.03545223905728924,0.05831007414665087,0.006417448895608417,0.006986965325615076,0.03305624171556355,3.1019532344578083e-07,0.07100688410642851,0.1509452724052759,0.11722311467246596
30,0.014142029649352895,0.030993890136708616,5.882151411720313e-08,0.019867937073805155,0.05468883636207809,0.07002626625376764,0.15445562637290777,1.8392251804124163e-07,0.03741537950989571,7.874485476977487e-08,0.0493685392509859,0.02831553860096862,0.034726140435933237,7.318976637268125e-07,0.09260902910208176,0.02152083988267416,0.028417552437525095,0.04628707435304642,0.0008157755563856289,0.026821003398747545,0.030424963517562,0.027847732973233185,0.01931790832890811,0.02075954908390523,0.06506151048722966,0.0034362136917533647,0.07446375664570815,0.0482158535082855
31,0.018318374909326706,0.015091751949524569,0.041719687532829355,0.025889833616004436,0.06996715821646228,0.02263871001712603,0.1073296435473129,0.014249537259066575,2.260759551710232e-06,0.00010919871815056332,0.015489039704011142,0.0022769599610634114,0.04060777995517804,0.03701194994148576,2.4430454187348648e-05,0.035838406345816476,0.008997379349570829,0.029863995189222142,0.04896013988459592,0.009631513561632592,0.020803440901566408,0.05146594699613707,0.013615144830937757,0.023732212809332957,0.08117731990330583,0.10026160376401479,0.073527350922723,0.09139922899986329
32,1.7966462375842014e-07,0.014182333715155126,1.5077778534054099e-06,4.4218897479725584e-07,0.002924295378917069,0.02046597207894399,0.011772410669241007,0.03209910611533747,0.01852363785089447,0.0019020602899434238,0.05712596623899825,0.015021911591548354,0.07429796003636145,0.007583904023434736,0.0731713435871689,0.027943534124659452,0.014715739633258774,0.05222444376640964,0.025054490924912912,0.06868754502350817,0.10441374828474481,0.015317298575276875,0.007888570925561876,0.005495363209535171,0.06298693348253331,0.09810417960397778,0.08847723493392158,0.09961788630430359
33,6.272374206329206e-06,0.005452098574384447,1.8615189196328876e-07,0.014513010634594661,0.023584653682061134,0.02762656043152091,0.027323250197577,0.0889368935196594,0.01065988479074172,0.02071788182655206,0.007852901640232387,0.021558925257686015,0.18630198618917654,8.944486002736222e-07,0.08344446905718647,0.018272989251592826,0.024156577199098053,0.008135267788154977,0.014499832374562054,0.07570358546351011,0.16709846044797338,0.022668769147956375,0.005171291574853237,0.005708099063975687,0.02779551596008935,0.05749415068743643,0.047238618409280654,0.008076973855445509
34,0.020462537198096525,0.022827948732614796,2.1726143211993773e-08,4.863195095275968e-06,4.770790383853007e-08,0.0013607650005379556,0.006758971979227664,0.062387471498778956,0.11331270765216288,0.03289044115395123,0.06051772991995256,0.08160142918468274,0.0550594631608334,0.03285440312898417,0.01914784649460484,0.02440386081570308,0.006330295735576542,0.011708762002740614,0.008050125170138542,0.11507309475610465,0.07116437485142785,0.0937538493376674,0.02229454561455003,0.005385553899898378,0.028306321069678158,0.018926179994087033,0.05602415028628398,0.029392238732573513
35,0.012878122900225787,0.0147544835542117,0.019275878034452354,0.043143718372416574,0.045421740573759244,1.1410837137819662e-08,0.034152679447761236,0.07574042316138015,0.07194746023529433,3.949080582045825e-08,0.0215217711180985,0.02696549848185679,0.205819776050294,0.01843500686146034,0.05057775661988788,0.027356245546599663,0.0024057285085426847,0.053470515292643406,0.006504359161361727,0.026377835326673822,0.10192055433036094,0.027284188331370224,0.0021313779298875327,0.015609121972395099,0.04905542916434103,0.025358843295191953,0.011741941592405642,0.010149493235484308
36,0.013082143058373645,0.028653521508320196,4.98157764977765e-07,0.056510220494392555,0.008628337719878887,1.4553634780462264e-07,0.019923488087841612,0.0009637690560057381,0.07151912120186711,0.013757079378565677,0.09934701484725554,0.06600334867452062,0.05694399258711662,0.001401591590217978,0.07325838361695554,0.04138443571881972,0.026441070919463936,0.019639922036410976,0.019931660859727685,0.053312365129828794,0.05589441388262348,0.02974996563318293,0.017824800474883905,0.039782191353199756,0.08984214929178828,0.044779449734225575,0.05123778897864904,0.00018713047177118956
37,0.01575208369001983,0.05362750515220355,6.599188977677541e-07,0.03243691832626109,0.03048931697226423,0.008003281370281456,0.055563109613485644,0.10954274166876596,0.043370956297255826,0.0005764213052091816,0.022249899531381744,0.04192331071046518,0.0866844056409865,0.000422994308731536,0.011825675345196069,0.05863175778985587,0.03071664203018225,0.03611099174159476,5.87461862197412e-06,0.02473974823349448,0.03001234568794079,0.04368627226196246,0.05327645895221083,0.015036244178176521,0.11105390748895114,0.07325068680183787,0.005791235977778718,0.005218554385986759
38,0.009871289312991971,0.052279768107490854,0.02671902442120343,0.004751113099130883,0.01788080251354867,0.04090926855751948,0.05417507297577797,0.0008304261794131554,0.03031169581617376,0.054011757570808096,0.019923715228310015,0.07261266904757234,0.09837485720830155,2.857082152129776e-07,0.02703987450693244,0.06476575372366325,0.01187777447634084,0.07979318175367077,0.021196458311462822,0.01917201217658984,0.01526852223134958,0.04030162500670806,0.011027924273613146,0.043157825872758133,0.02020266858424269,0.08042271529699163,0.047105641794021394,0.03601627624519802
39,0.012889108286094058,0.026092032923935266,0.03579219187338823,0.04993986669537285,0.025275806818987383,0.000647926616868514,0.050344588934627815,0.043661380490688656,0.08133835154655936,1.993358736385617e-06,0.015759867342679066,0.024841240901693457,0.11041478805534936,3.333676092878263e-05,0.0879388656851041,0.008709114339085182,0.029551093324557038,0.029401678478128575,0.025857303963974603,0.03027088565648169,0.05445871308491783,0.013848928489288256,0.018436214595313045,0.010185830015223973,0.03401981733620355,0.14662500504618775,0.013786656156065592,0.019877413223559688
40,0.0001881342910266831,0.020952993859139776,0.021159592141244025,0.019274259248867977,0.05440834697315992,0.004973440959441626,0.022247978281312242,0.02292174218399569,0.05612455930865882,0.017456302821236502,0.029793008825994425,0.020533084930180905,0.13305313081554987,1.032403671157479e-06,0.053518060849079604,0.021250277969420632,0.019904800534102762,0.05830401904701814,0.0389626366188572,0.02222147143908028,0.06055881112335953,0.009620107811269025,0.013537230585889033,0.1393187877103295,1.699779625163479e-05,0.08656851192592163,0.01844688636091143,0.03468379318503003
41,0.007681101832515879,0.015396147502198079,0.0017457717964926768,0.02722379043658833,0.007286381821921987,0.030053816345986348,0.1593959345543714,0.050839788110040814,0.02254019769888482,5.560086346727874e-07,0.05974152119020114,1.159523757238338e-05,0.09738229526839826,0.012110420913040846,0.03495373670901336,0.0161220821685627,0.00022694367440408606,0.17788822645785485,0.033128661287879786,0.08728882809088818,0.030770161978753558,0.010350613303913292,0.013424745537702546,0.02923341150586765,0.028160898633418436,0.045807574269625256,0.0012345639839686396,2.3368130011551585e-07
42,0.014435783630410743,0.057846259956077485,2.8068729261947325e-06,0.01348613667763428,6.019316341323941e-07,0.0510418482244767,0.011191794844780972,0.011554157507882253,0.02235987896407632,2.070572666214662e-06,0.012407213917650923,0.05639485737401377,0.11301397397627028,0.026061068632529456,0.03729581445838199,0.07485866593406602,0.015090062297051156,0.07108047255881465,0.07489434208420034,0.10427013213319485,0.0028964226078244527,0.021579808014301857,0.004543966394269281,0.012999188839861682,0.017239550560241304,0.13288062719069538,0.032652824453112315,0.00791966939095507
43,0.018426818603808414,0.015846247073569655,0.06655036096919996,0.04721350369052548,0.025816320623314622,0.016339161250914246,0.012464465932248562,0.05307153942218951,0.01937232284611663,1.0031324468739716e-05,0.03393644795327769,0.03129412211064934,0.011946018595993955,0.06480770119517139,0.01129504689018461,0.017056176640871737,0.033840404072191514,0.007911890578337013,0.021758484108601314,0.011733189437856638,0.04244529736731232,0.04302405045636447,0.022772576765252493,0.04939098265335909,0.03150992718731729,0.1981942533221511,0.004731901768325565,0.08724075716042658
44,0.04203876136592468,0.04269306000888182,9.101026926374861e-06,0.06429142430585827,0.004412132648311397,0.019961470347309686,0.0734516196464328,0.01842134390780086,0.04468376919776587,0.000736672721189962,0.015249269863656552,0.06979095489052724,0.045685898910362545,0.02542045751638245,0.04533781237749343,0.03602952263414726,0.06001929398918286,0.02871994552339614,0.061420176915627005,0.0942911660962044,0.07773443601119,0.040493967043512546,0.016399568810419256,0.010587322918159404,0.025939395189781292,2.2811159046814975e-06,0.02129121410974547,0.014887960907905826
45,0.020911347155147548,0.018841103883707577,1.8194532168454742e-05,0.0012748074555858065,0.01293493339755774,0.08360988418580231,0.002541239793866984,0.009134946304076203,0.02558351353395705,9.261130400834899e-06,0.17942427881466472,0.045543715372612655,0.031006396191481052,0.03700224889751447,0.19386123141863895,0.028961811548177438,0.022775060457073264,9.849323972760567e-05,0.031213291095043363,0.01949816241022641,0.08062808773204228,0.03569716775547333,0.006133497215521095,0.0055021464947240814,0.008814781124180465,0.019104584278538558,0.06058624948223457,0.0192895650998552
46,1.6305213218655596e-05,0.006897046509676252,0.010079841054503127,0.008043865186562239,0.0009938886111173825,0.004659576446423109,0.12218861575873985,0.02699018312566865,0.162045647979898,0.0010816185773037034,0.20274041300642168,0.011662244680359979,0.06091851509751837,0.02727691573568068,0.03530985578928432,0.016978396464551845,2.229394481528568e-05,0.09638061346539742,0.016331041808928942,0.027072056283078735,0.018260788979196266,0.015977354528151824,0.0034335610481282244,0.04716121020670955,0.010511153746410932,0.055737380425746816,0.003027406167187953,0.00820221015932027
47,0.002299231322115413,0.041493891992787565,0.004800228361884729,0.005072532796813036,0.017606823115927206,0.07159912493135417,0.07211857200822912,0.10087780330329645,0.021513580704374445,0.08025855412693364,2.84472302017765e-08,0.01006762772771705,0.019902199069557796,0.00011805878447088845,0.050115264013439326,0.05701995895190294,0.007998092340671469,0.08664024758095243,7.065825579757418e-07,0.03645687622536343,0.054406211094377266,0.014058847872401555,0.016653619900885257,0.11005432093254246,0.007816920720466027,0.0887349855222566,0.0223156277973175,6.37721740186982e-08
48,0.016627485738348297,0.03340743134521128,9.030591187316279e-07,1.508289176427945e-06,0.04060290990068736,0.03722421585285626,0.1024119535296345,0.09652308094721133,0.039683370561469505,0.0010260513492071903,0.010683526380691161,0.060917013227580606,0.05241700313018945,6.567337715864694e-07,0.012207798957200578,0.026918787794306148,0.07348390307841293,0.07633079356863211,0.03975381513841122,0.06877808434497333,0.03622965129980712,0.006208457104949313,0.014736897062286418,0.08341215805151424,4.170020907345882e-07,0.053977248275353676,0.014120748759291153,0.002314129517617352
49,5.739095052715971e-07,0.044948159976571644,0.020690128555794884,1.1183014834739348e-06,0.03247230213745017,0.01666979168071402,0.015004470878463134,0.02291500263308219,0.10685481511939625,0.00034825960237823005,0.07409021144357888,0.049161389510141616,0.1539073599331498,1.2961578116843338e-05,0.04369117469317504,0.029286990069138992,0.0049779849078383795,0.06729081598733103,0.011072890677741004,0.0911870398719273,0.0712158739275837,1.6888239167259086e-07,0.024296549006021326,0.008154067364639995,0.021493629792826246,0.06249768976964526,0.019746438151546045,0.008012141638367502
50,0.027089586960305837,0.022128897977801234,1.6092924565714627e-08,7.982426031610048e-06,0.03221926685141844,0.05318593601060835,0.027809751090226664,0.060012819347878256,0.03344038552258805,8.836141176508952e-07,4.4165924607987173e-07,0.026036900104940402,0.07065792628810309,0.02484611443999933,0.003726861952006086,0.03300944156499283,0.02839850674779643,0.049318619434638854,0.020929819271560342,0.054152191304805766,0.05323963894181742,0.02280772678209107,0.016817800527005197,0.04788376692185574,0.008644669422270344,0.02083152532445881,0.09597824183871136,0.16682428157980028
51,0.005134820588784066,0.029479666362092694,5.6551557398698015e-08,0.023322403443382985,0.013821354157671049,0.00027607266140167554,0.053675685729781535,0.05675677910042958,0.004204002153895321,6.714112119837981e-05,0.12013044286589497,0.01950485604133198,0.034230696404677914,0.0426508906375905,0.09007403405912756,0.018366714361196957,0.04981929971724758,0.07575570452626146,0.04878489542718768,0.06378999976115855,0.13103298968284233,0.019259550159798352,0.004597509260459484,0.019722642904424742,0.003389998092989493,0.01485364025785333,0.027769171925829766,0.02952898204393273
52,0.022445494090848114,0.02246976484598893,4.018808998591987e-05,0.003629955047401297,0.0010080107624070502,0.11094504313683014,0.00961979685294942,0.023495561267575345,0.03211201433953205,0.026204082424822053,3.4441912318002113e-07,0.09461484664797398,0.11772680552892219,0.0068152610583136234,0.06972757134352106,0.03562061468341165,0.003486302987206613,0.001312812569039443,0.0045325866303497515,0.04714167115721581,0.014680602501656839,0.010371902802283534,0.017682834910025324,0.032702274237705206,0.014708444804610313,0.08676933766887533,0.11951387178373343,0.07062200340769229
53,0.007909649200154332,0.009884629471710637,0.0027677832211796894,0.030999557829802175,0.034486099979873196,0.02520342735945114,0.024048917337395975,0.010103004967792994,0.057221715167051365,8.075355468749154e-06,0.013433615440546597,0.2738671508829287,0.05149097731109755,1.2305592598931074e-05,0.01237883316244878,0.03047211095764284,0.03174278834554564,0.08860539543301783,0.01721864091495073,0.039655329471973796,0.053619227174240516,0.05107833771149028,0.004792652644652428,0.015003989418389967,0.06258781510139177,0.03136444809104805,0.000809739565114151,0.01923378289104133
54,0.03623587510279938,0.051818143843338285,2.543058483377648e-08,0.0007292701388199964,2.893400636412487e-08,0.014804030807062937,0.13050968791281412,0.05240550555136007,0.03313034223651915,0.014206745146716798,0.013056420754956702,0.021203445479640922,0.054572567192632995,1.4360604734073386e-07,0.007015365530709462,0.10086172460486077,2.6708068883413077e-07,0.06128730897943104,0.04434596954641277,0.07527463391565262,0.019340922699850507,0.039841069079680116,0.018355320100900636,0.017344907331561608,0.021889915607788423,0.03923207203828657,0.013591717683562815,0.11894657366331406
55,8.536646794178947e-07,0.03268236150411374,2.5393169589321827e-07,1.988523530025753e-05,0.0733041939396257,0.04970106851084839,0.019148320713609973,0.027800204845561692,0.08836021460407807,1.2667454742061124e-06,0.038675676161889376,0.09450022027542948,0.07505966160673581,0.0027191449702825975,0.00918188019811263,0.02203825895908147,0.00020769299753821822,0.03715508252788017,0.04490295016002972,0.04735018251613177,0.05189398007456633,0.049306053760940736,0.014924906174756884,0.010705808129541335,0.021288413690272408,0.031165363173276683,0.02539084716592681,0.13251525376262024
56,0.018777980128445452,0.053504433785751905,5.04382183104868e-08,0.010220233212900937,0.06380135247868308,0.01783440169212781,0.04176355799963834,3.2302591311947774e-05,0.025678913869836513,0.0021074784788820515,0.016419472531442613,0.03932027980672126,0.09571810262822772,0.004898372353106847,0.016244274772782136,0.11242813297348593,6.031964278106938e-07,0.009557178109861975,0.04110473756979928,0.15810022993766917,0.005938268045329515,0.021660889287828267,0.0017855279485872405,0.036118242622018265,0.057515835931005864,0.11877137164361481,0.010329044186658538,0.020368731779636478
57,0.04874642642675915,0.027917615115103895,0.01678681622504695,0.013626791519050102,0.0025669201078974712,0.2184629460770279,0.028421192976963477,0.002326412862872591,0.03857134558694684,8.738290670944542e-05,0.03966430896541892,0.04475781998290228,0.05891918604481545,0.02953882484075023,0.03041237491261147,0.057093136393680695,0.018154050861291397,1.294825925371948e-08,0.03179937045390506,0.03497440519361876,0.012330122667946,0.0191858163098309,0.013660555238837475,0.019276069327033442,0.02338628414457338,0.03327462777199215,0.008021407084296698,0.12803777705385852
58,0.041586953167683745,0.0363389286720242,0.01393319855687682,0.033342138226523654,0.08091942904262013,0.01966171984029269,0.011164781617648986,0.06364820584420071,0.12592637404496018,0.004850077138358415,0.006811967337037592,0.03395900130963578,0.1486526829014561,2.4202576215334426e-05,0.009660916028403257,0.03923147351806801,0.016175792534885033,0.007887906334612109,0.02106929929821334,0.0224192636348429,0.038925287540309696,0.046787999111909784,0.012891715095281963,0.01051284317541099,0.04069857762666208,0.06279114346287847,0.028835891681932794,0.021292230681055225
59,0.02481253126720309,0.027495459652809168,0.0029290832514349196,0.049004630417229626,0.006755959229935417,0.05487454941044861,0.024884479364351043,0.008601596055697535,0.036539399272437864,0.012225666067856989,0.10257509211131657,0.01545387047776239,0.06182287079792667,0.015881809115507295,0.1003638922298404,0.0036956538417664032,0.0238460985861681,0.036104566614623974,0.02317887032275462,0.04556790392852752,0.09655022379511266,0.08186752020139426,0.011450347468765857,0.0036589833844678722,0.0718659617084019,0.03662345957926487,0.009190292296703479,0.012179229550290912
60,6.450784585662014e-07,1.398242336267774e-05,1.349576021809556e-06,0.0010554865596094985,0.041254335224755426,0.14071321927742256,0.09542746248603308,0.05320552111388462,0.1322891484245037,5.450203050055861e-06,0.018521420304998936,0.04852757623994086,0.1307387580308622,3.146358657711355e-05,0.04628591998735083,0.027892542089713403,0.0001356525411728881,0.027153891170763257,0.013513784386709823,0.01850817396509718,0.03037200651481082,0.03369484705404455,0.000854452096413356,0.026729094493314075,0.0006424400420603861,0.02783688205189394,0.06511005630028173,0.019484438776892665
61,0.02256564182400658,0.01818007800681342,0.07528113719912502,0.00025093756426549995,0.08883403496579381,0.05802687310874953,0.0631633577695898,0.02373620998810634,7.722964282042432e-07,1.0312531055881812e-07,0.008603698513084686,7.15204261372923e-08,0.08615308399555043,0.030919590793081708,0.025095672930325136,0.027821268729227414,0.038029547627854945,0.025571712393228856,0.006005372314475612,0.03193626312617231,0.04139794408740353,0.09125944188288014,0.015306171648550797,0.04831353901480904,0.03552264158805017,0.09175466765219631,0.022228084515026277,0.02404208181946768
62,0.036195150541035864,0.04040984256661587,6.735748518173486e-08,0.011817478660768216,0.06584910873787923,0.030264527212735166,2.137714837589429e-06,0.008036355956462071,0.13218360496863765,0.011970741172154391,0.05984609953110894,0.07397835876456214,0.05353166262700819,6.792963794367602e-06,0.005034272765564025,0.07791126384418963,3.196931150188315e-05,0.006905606036508603,0.016480360750179397,0.0272032130617393,0.03741300938416545,0.03545129545163418,0.0185391913185537,0.055750952868230355,0.02349979896574561,0.012755293432125236,0.07574370609255274,0.08318813794222525
63,0.019291985541792917,0.051901448272101545,2.373159854551358e-06,0.015296221102950067,0.001003060493529656,0.053258994127780825,0.0781922191363073,0.035732129104667734,6.266837622600065e-08,2.5948670224782983e-08,0.006217620969885231,0.022372737683919366,0.06846702474870887,0.05319626472969923,0.09784466249124224,0.07571427797975695,0.02633164080439897,1.5046872076513982e-06,0.05028549726683063,0.034140981285925236,0.005297319068816313,0.03242273470990498,0.03373675888715482,0.0051879486339340645,0.0780722415010478,0.06902269916950995,0.07244593530369842,0.014563630522328275
64,0.009285498630369513,0.06633801539542108,6.845428945886994e-08,0.008926909151619108,0.0017718878238077891,0.06773833364673948,0.12017025116646539,0.0063693098879425,3.001729052814459e-06,1.8791765690529645e-07,0.02401638983888649,0.037651656609594984,0.04493269541792848,0.014060140599932382,0.022741100967894102,0.1098448965122146,0.023217201627531985,0.12062259485231011,3.196312305960959e-08,0.0371526707561436,0.053372288795755424,0.07366035119327638,0.03033532147054539,0.004819749154331336,0.03362631405813475,0.00823889707758543,0.0036432999594402625,0.0774609353420073
65,0.02238062805270945,0.05349246539341104,0.05257035355330624,3.897732612131333e-07,0.018170144193433074,0.059933655398253696,0.005846098281316883,0.009647908009518119,0.14571709962254106,0.0005839262802104789,0.0061001972767200366,0.06043630276010331,0.053725713598736326,0.04151176213598944,0.022230484352400343,0.034184866834132965,2.8309885443837047e-06,0.09540305263745653,0.004243118415700349,0.08151621846615785,0.038814954485942486,0.08875796084916357,0.008642261680503046,0.01709301766856331,0.008303092411565497,0.06636625168754358,6.973569315597003e-06,0.004318271623500112
66,0.017213994952104378,0.03937888620583926,0.0001036446765644343,0.013667123101338984,0.025549478961312534,0.022410265580759953,0.02808400736127992,6.090804665753654e-07,0.02992551480590848,0.043213771263685745,0.01439520262921972,0.04456547076451469,0.20063954080748075,2.089908342520549e-06,0.02423077429760218,0.04894137716228745,0.006715923549353586,0.025928935732150087,0.03601581629825236,0.039178688158644115,0.05569814542000109,0.06002430493556018,0.020521874269732454,0.02162093552955556,0.01623619353784089,0.10329363783189785,0.027113767176350164,0.03533002600195411
67,0.0020426990440313366,0.024458641461187657,0.006974841125662174,0.004211114160652181,0.028719848136518913,0.08038874781748051,0.02183604396679759,0.050782308494761855,0.026880233218952918,7.340850422308015e-06,0.07307976375951714,0.03425140842462883,0.08206954612150581,0.029953231986621583,0.031837443815066084,0.04116328255185601,1.25465157819514e-07,0.07668039609716362,0.05165837224269697,0.02346992535688811,0.022889061542652172,0.03098615594186313,0.016919396082712444,0.10456299229861628,0.05930712441820237,0.027260300832270146,0.018530103070691036,0.02907955171542311
